Algiers: 0.21666666666666667
Atlanta: 0.0
Baghdad: 1.0833333333333333
Bangkok: 0.4
Beijing: 0.4
Bogota: 0.5333333333333333
Buenos Aires: 0.05
Cairo: 1.3666666666666667
Chennai: 0.38333333333333336
Chicago: 1.6833333333333333
Delhi: 0.11666666666666667
Essen: 0.5666666666666667
Ho Chi Minh City: 0.8
Hong Kong: 0.7833333333333333
Istanbul: 0.55
Jakarta: 0.03333333333333333
Johannesburg: 0.36666666666666664
Karachi: 1.1333333333333333
Khartoum: 0.3333333333333333
Kinshasa: 0.6333333333333333
Kolkata: 0.5833333333333334
Lagos: 0.016666666666666666
Lima: 1.4
London: 0.4666666666666667
Los Angeles: 0.6333333333333333
Madrid: 1.2333333333333334
Manila: 0.16666666666666666
Mexico City: 1.15
Miami: 0.4666666666666667
Milan: 0.16666666666666666
Montreal: 0.6666666666666666
Moscow: 0.31666666666666665
Mumbai: 0.6333333333333333
New York: 0.08333333333333333
Osaka: 0.3
Paris: 0.26666666666666666
Riyadh: 0.2
San Fransisco: 0.7166666666666667
Santiago: 1.9
Sau Paulo: 0.38333333333333336
Seoul: 0.2
Shanghai: 1.4833333333333334
St. Petersburg: 0.15
Sydney: 0.2
Taipei:0.11666666666666667
Tehran: 0.3333333333333333
Tokyo: 1.3833333333333333
Washington: 0.4166666666666667