Algiers: 1.35
Atlanta: 0.9833333333333333
Baghdad: 1.5666666666666667
Bangkok: 1.0333333333333334
Beijing: 0.8
Bogota: 2.283333333333333
Buenos Aires: 1.6
Cairo: 2.283333333333333
Chennai: 2.1666666666666665
Chicago: 2.2666666666666666
Delhi: 1.1
Essen: 1.5
Ho Chi Minh City: 2.316666666666667
Hong Kong: 1.6333333333333333
Istanbul: 1.2333333333333334
Jakarta: 0.9666666666666667
Johannesburg: 1.3
Karachi: 0.8333333333333334
Khartoum: 1.1666666666666667
Kinshasa: 0.9
Kolkata: 1.5833333333333333
Lagos: 1.3
Lima: 2.9
London: 1.1
Los Angeles: 1.45
Madrid: 2.433333333333333
Manila: 1.0333333333333334
Mexico City: 2.283333333333333
Miami: 2.7
Milan: 1.6333333333333333
Montreal: 2.033333333333333
Moscow: 0.8166666666666667
Mumbai: 0.9833333333333333
New York: 1.1
Osaka: 1.2833333333333334
Paris: 1.55
Riyadh: 1.7333333333333334
San Fransisco: 2.1333333333333333
Santiago: 1.8833333333333333
Sau Paulo: 1.8
Seoul: 1.2666666666666666
Shanghai: 2.0
St. Petersburg: 0.75
Sydney: 2.2333333333333334
Taipei:0.8
Tehran: 1.15
Tokyo: 2.3833333333333333
Washington: 1.3666666666666667