Algiers: 1.95
Atlanta: 2.033333333333333
Baghdad: 2.2666666666666666
Bangkok: 2.033333333333333
Beijing: 1.9333333333333333
Bogota: 2.55
Buenos Aires: 2.5166666666666666
Cairo: 2.5833333333333335
Chennai: 1.85
Chicago: 2.8833333333333333
Delhi: 1.7666666666666666
Essen: 2.066666666666667
Ho Chi Minh City: 2.5166666666666666
Hong Kong: 1.9666666666666666
Istanbul: 1.9666666666666666
Jakarta: 1.7166666666666666
Johannesburg: 2.0
Karachi: 1.9
Khartoum: 1.85
Kinshasa: 2.1
Kolkata: 2.5833333333333335
Lagos: 2.5166666666666666
Lima: 2.95
London: 1.9333333333333333
Los Angeles: 2.216666666666667
Madrid: 2.3833333333333333
Manila: 1.8
Mexico City: 2.25
Miami: 2.1166666666666667
Milan: 1.9166666666666667
Montreal: 2.55
Moscow: 1.6666666666666667
Mumbai: 2.0833333333333335
New York: 1.9833333333333334
Osaka: 1.95
Paris: 2.1166666666666667
Riyadh: 1.95
San Fransisco: 2.183333333333333
Santiago: 3.0
Sau Paulo: 2.9
Seoul: 1.95
Shanghai: 2.6333333333333333
St. Petersburg: 1.6666666666666667
Sydney: 2.466666666666667
Taipei:1.9166666666666667
Tehran: 1.85
Tokyo: 2.4
Washington: 1.8