Algiers: 0.31666666666666665
Atlanta: 0.0
Baghdad: 1.0833333333333333
Bangkok: 0.5
Beijing: 0.08333333333333333
Bogota: 0.5166666666666667
Buenos Aires: 0.05
Cairo: 1.2666666666666666
Chennai: 0.45
Chicago: 0.7
Delhi: 0.55
Essen: 0.95
Ho Chi Minh City: 0.8
Hong Kong: 0.65
Istanbul: 0.4166666666666667
Jakarta: 0.016666666666666666
Johannesburg: 0.11666666666666667
Karachi: 0.5
Khartoum: 0.3
Kinshasa: 0.5166666666666667
Kolkata: 0.1
Lagos: 0.4166666666666667
Lima: 1.1833333333333333
London: 0.18333333333333332
Los Angeles: 0.5
Madrid: 1.4333333333333333
Manila: 0.23333333333333334
Mexico City: 1.05
Miami: 0.45
Milan: 0.55
Montreal: 1.2166666666666666
Moscow: 0.31666666666666665
Mumbai: 0.4666666666666667
New York: 0.21666666666666667
Osaka: 0.11666666666666667
Paris: 1.1333333333333333
Riyadh: 0.5
San Fransisco: 1.15
Santiago: 1.2
Sau Paulo: 1.05
Seoul: 0.0
Shanghai: 0.6166666666666667
St. Petersburg: 0.25
Sydney: 0.4666666666666667
Taipei:0.0
Tehran: 0.4666666666666667
Tokyo: 0.9833333333333333
Washington: 0.2